8.509331056890261785e-03
9.234136355853451300e-03
7.599153830377175858e-03
8.737128326657149502e-03
1.075717760641523371e-02
7.331712186149523525e-03
5.779229608296767434e-03
5.148610981793815163e-03
8.110856702069776936e-03
7.832326140220689792e-03
9.575267900029270016e-03
8.632363968369048679e-03
9.575267900029270016e-03
6.806234422734535293e-03
8.632363968369048679e-03
6.806234422734535293e-03
6.987146231960133028e-03
8.317541832736590965e-03
7.085447433623837284e-03
8.376854252280631699e-03
1.191894795139602885e-02
9.476822494771632716e-03
8.536402563760790013e-03
6.911231382179366597e-03
9.815549168748761294e-03
8.108416609697480237e-03
9.234884395131634505e-03
8.874172288926949689e-03
8.057621502060829596e-03
7.434688121466519195e-03
7.400978837293139233e-03
7.135610783637571196e-03
1.102337043305590646e-02
9.762145325010606819e-03
6.386883143745464633e-03
6.677045885891791724e-03
8.682880604350431270e-03
7.999664025429143246e-03
6.386883143745464633e-03
6.806234422734535293e-03
6.677045885891791724e-03
6.806234422734535293e-03
8.246274327084576056e-03
7.211486482176339245e-03
9.930752149407993945e-03
7.937262092396826785e-03
6.386883143745462899e-03
5.793826652611478931e-03
7.966967786955745506e-03
7.553718998800240496e-03
8.146474159660641381e-03
7.253315521364447037e-03
7.452003320292074559e-03
7.025109858532549607e-03
6.382431945944242249e-03
5.646769997113353090e-03
8.429251737837695907e-03
8.128064054159762561e-03
7.364368538633751793e-03
6.678158247388502923e-03
9.721845401299333833e-03
1.133596530119180407e-02
8.736869783722173502e-03
7.059817096728557805e-03
7.170444858190694500e-03
7.094314419629895938e-03
7.214265395077396233e-03
7.564320973421820825e-03
7.898052296419570337e-03
7.800115081038252324e-03
8.163041059985567949e-03
8.356743261266546402e-03
9.728247362888414393e-03
7.626356440755992401e-03
7.966967786955641423e-03
2.735637491455476106e-03
6.806234422734535293e-03
3.119419126979915309e-03
7.966967786955641423e-03
6.806234422734535293e-03
9.967187412241394415e-03
8.284497146264948111e-03
1.177842469994374100e-02
9.130837785837927004e-03
9.243998892339830298e-03
8.089707160410620351e-03
